# list of strokeorder difference between chinese and japanese
#https://japanese.stackexchange.com/questions/47838/japanese-kanjis-and-chinese-characters-a-request-for-comparative-stroke-order
#
不 1324 1324
在 132121 132121
𠂇 13 13 有 13(2|3)511
我 3121534 3121(534|543)
辶 454 (454|4454|4554) 这 4134454
门 425 (245|425) 们 32(245|425)
上 211 211
以 5434 (5|21)434
𠂊 35 35 你 3235234
⺼ 3511 (2511|3511|3541) 能 54(2511|3511|3541)(15|35|53)\2
𠃌 5 5 那 5113(52|552)
阝 52 52 那 5113(52|552)
之 454 (454|4134) 之 (454|4134)
𠂆 33 33 后 331251
𧰨 353334 353334 家 4451353334
成 135534 135(534|543)
ス 54 54 经 55154121
𭕄 443 443 学 44345521
⺌ 243 243 当 243511
𠘧 35 35 没 4413554
面 132522111 132522111
其 12211134 12211134
与 151 1(5|25)1
忄 442 (244|424|442) 情 (244|424|442)1121(2511|2521|3511)
⺊ 21 21 点 212514444
业 22431 22431
丬 412 (241|412) 将 (241|412)(354|3344|3443)124
皮 53254 (35|53)254 被 45234(35|53)254
言 4111251 (1|4)111251 信 32(1|4)111251
𠂒 3121 3121 先 312135
母 55414 55(12|21) 海 4413155(12|21) --different
𠃜 5213 5213 声 1215213
及 354 (354|3554) 及 (354|3554)
比 1535 (1515|1535|1553|3535|5353)
角 3535112 3535(112|121) 解 3535(112|121)533112
㇇ 5 5 水 2534
亦 413234 41(2|3)234 变 41(2|3)23454
咸 131251534 131251(534|543) 感 131251(4544534|4544543|5344544|5434544)
廴 54 (54|554) 建 511112(54|554)
コ 51 51 建 511112(54|554)
𠃓 533 533 场 121533
㠯 25151 (251|512)51 管 314314445(251|512)51
𠃍 5 5 决 415134
𠄌 5 5 展 5131221534
马 551 551
𫝀 251 251 五 (1251|1521)
非 21112111 (2|3)1112111
即 5115452 5115452
𧾷 2512121 251(215|2121) 路 251(215|2121)354251
北 21135 211(15|35|53)
𠃋 5 5 该 45415334
𠃊 5 5 望 415(3511|3544)(1|3)121
七 15 15 切 1553
ユ 51 51 候 3225131134
𣥂 233 233 步 2121233
存 132521 132521
⺆ 35 35 调 4535(112|121)251
九 35 (35|53) 究 445(34|35)(35|53)
戉 15534 15(534|543) 越 121213415(534|543)
㇉ 5 5 号 25115
黑 254311214444 254311214444
𠂢 333534 333(2|5)34 派 441333(2|5)34
严 1224313 1224313
留 3545325121 (35352|35453)25121
祭 35445411234 (3541|3544)5411234 察 445(3541|3544)5411234
段 321113554 321113554
𠄎 5 5 仍 32(35|53)
属 513325125214 513325125(5|21)4
舟 335414 335(414|441) 船 335(414|441)(34|35)251
威 131531543 131531(534|543)
幺 554 554 率 41554413412
甚 122111345 122111(34|35)5
犭 353 (353|533) 独 (353|533)251214
叚 512115154 (251|512)115154 假 32(251|512)115154
那 511352 5113(52|552)
着 43111325111 4311(|2)1325111
或 12511534 12511(534|543)
平 14312 1(34|43)12
⺮ 314314 314314
象 35251353334 3525(1|21)353334
𠫓 4154 (|4)154 流 441(|4)154325
𫶧 325 325 流 441(|4)154325